0 1
1 1
2 1
3 1
4 1
5 1
6 1
7 1
8 1
9 1
10 1
11 1
12 1
13 1
14 1
15 1
16 1
17 1
18 1
19 1
20 1
21 1
22 1
23 1
24 1
25 1
26 1
27 1
28 1
29 1
30 1
31 1
32 1
33 1
34 1
35 1
36 1
37 1
38 1
39 1
40 1
41 1
42 1
43 1
44 1
45 1
46 1
47 1
48 1
49 1
50 1
51 1
52 1
53 1
54 1
55 1
56 1
57 1
58 1
59 1
60 1
61 1
62 1
63 1
64 1
65 1
66 1
67 1
68 1
69 1
70 1
71 1
72 1
73 1
74 1
75 1
76 1
77 1
78 1
79 1
80 1
81 1
82 1
83 1
84 1
85 1
86 1
87 1
88 1
89 1
90 1
91 1
92 1
93 1
94 1
95 1
96 1
97 1
98 1
99 1
100 1
101 1
102 1
103 1
104 1
105 1
106 1
107 1
108 1
109 1
110 1
111 1
112 1
113 1
114 1
115 1
116 1
117 1
118 1
119 1
120 1
121 1
122 1
123 1
124 1
125 1
126 1
127 1
128 1
129 1
130 1
131 1
132 1
133 1
134 1
135 1
136 1
137 1
138 1
139 1
140 1
141 1
142 1
143 1
144 1
145 1
146 1
147 1
148 1
149 1
150 1
151 1
152 1
153 1
154 1
155 1
156 1
157 1
158 1
159 1
160 1
161 1
162 1
163 1
164 1
165 1
166 1
167 1
168 1
169 1
170 1
171 1
172 1
173 1
174 1
175 1
176 1
177 1
178 1
179 1
180 1
181 1
182 1
183 1
184 1
185 1
186 1
187 1
188 1
189 1
190 1
191 1
192 1
193 1
194 1
195 1
196 1
197 1
198 1
199 1
200 1
201 1
202 1
203 1
204 1
205 1
206 1
207 1
208 1
209 1
210 1
211 1
212 1
213 1
214 1
215 1
216 1
217 1
218 1
219 2
220 2
221 2
222 2
223 2
224 2
225 2
226 2
227 2
228 2
229 2
230 2
231 2
232 2
233 2
234 2
235 2
236 2
237 2
238 2
239 2
240 2
241 2
242 2
243 2
244 2
245 2
246 2
247 2
248 2
249 2
250 2
251 2
252 2
253 2
254 2
255 2
256 2
257 2
258 2
259 2
260 2
261 2
262 2
263 2
264 2
265 2
266 2
267 2
268 2
269 2
270 2
271 2
272 2
273 2
274 2
275 2
276 2
277 2
278 2
279 2
280 2
281 2
282 2
283 2
284 2
285 2
286 2
287 2
288 2
289 2
290 2
291 2
292 2
293 2
294 2
295 2
296 2
297 2
298 2
299 2
300 1
301 1
302 1
303 1
304 1
305 1
306 1
307 1
308 1
309 1
310 1
311 1
312 1
313 1
314 1
315 1
316 1
317 1
318 1
319 1
320 1
321 1
322 1
323 1
324 1
325 1
326 1
327 1
328 1
329 1
330 1
331 1
332 1
333 1
334 1
335 1
336 1
337 1
338 1
339 1
340 1
341 1
342 1
343 3
344 3
345 3
346 3
347 3
348 3
349 3
350 3
351 3
352 3
353 3
354 3
355 3
356 3
357 3
358 3
359 3
360 3
361 3
362 3
363 3
364 3
365 3
366 3
367 3
368 3
369 3
370 3
371 3
372 3
373 3
374 3
375 3
376 3
377 3
378 3
379 3
380 3
381 3
382 3
383 3
384 3
385 3
386 3
387 3
388 3
389 3
390 3
391 3
392 3
393 4
394 4
395 4
396 4
397 4
398 4
399 4
400 4
401 4
402 4
403 4
404 4
405 4
406 4
407 4
408 4
409 4
410 4
411 4
412 4
413 4
414 4
415 4
416 4
417 4
418 4
419 4
420 5
421 5
422 5
423 5
424 5
425 5
426 5
427 5
428 5
429 5
430 5
431 5
432 5
433 5
434 5
435 5
436 5
437 5
438 5
439 5
440 5
441 5
442 5
443 5
444 5
445 5
446 5
447 5
448 5
449 5
450 5
451 5
452 5
453 5
454 5
455 5
456 5
457 5
458 5
459 5
460 5
461 5
462 5
463 5
464 5
465 5
466 5
467 5
468 5
469 5
470 5
471 5
472 5
473 5
474 5
475 5
476 5
477 5
478 5
479 5
480 5
481 5
482 5
483 5
484 5
485 5
486 5
487 5
488 5
489 5
490 5
491 5
492 5
493 5
494 5
495 5
496 5
497 5
498 5
499 5
500 5
501 5
502 5
503 5
504 5
505 5
506 5
507 5
508 5
509 5
510 5
511 5
512 5
513 5
514 5
515 5
516 5
517 5
518 5
519 4
520 4
521 4
522 4
523 4
524 4
525 4
526 4
527 4
528 4
529 4
530 4
531 4
532 4
533 4
534 4
535 4
536 4
537 4
538 4
539 4
540 4
541 4
542 4
543 4
544 4
545 4
546 4
547 4
548 4
549 4
550 4
551 4
552 4
553 4
554 4
555 4
556 4
557 4
558 4
559 4
560 4
561 4
562 4
563 4
564 4
565 4
566 4
567 4
568 4
569 4
570 4
571 4
572 4
573 4
574 4
575 4
576 4
577 4
578 4
579 4
580 4
581 4
582 4
583 4
584 4
585 4
586 4
587 4
588 4
589 4
590 4
591 4
592 4
593 4
594 4
595 4
596 4
597 4
598 4
599 4
600 4
601 4
602 4
603 4
604 4
605 4
606 4
607 4
608 4
609 4
610 4
611 4
612 4
613 4
614 4
615 4
616 4
617 4
618 4
619 4
620 4
621 4
622 4
623 4
624 4
625 4
626 4
627 4
628 4
629 4
630 4
631 4
632 4
633 4
634 4
635 4
636 4
637 4
638 4
639 4
640 4
641 4
642 4
643 2
644 2
645 2
646 2
647 2
648 2
649 2
650 2
651 3
652 3
653 3
654 3
655 3
656 3
657 3
658 3
659 3
660 3
661 3
662 3
663 3
664 3
665 3
666 3
667 3
668 3
669 3
670 3
671 3
672 3
673 3
674 3
675 3
676 3
677 3
678 3
679 3
680 3
681 3
682 3
683 3
684 3
685 3
686 3
687 3
688 3
689 3
690 3
691 3
692 3
693 2
694 2
695 2
696 2
697 2
698 2
699 2
700 2
701 2
702 2
703 2
704 2
705 2
706 2
707 2
708 2
709 2
710 2
711 50
712 90
713 90
714 90
715 90
716 90
717 90
718 90
719 90
720 89
721 89
722 89
723 89
724 89
725 89
726 89
727 89
728 89
729 89
730 89
731 89
732 89
733 89
734 89
735 89
736 89
737 89
738 89
739 89
740 89
741 89
742 89
743 89
744 89
745 89
746 89
747 89
748 89
749 89
750 89
751 89
752 89
753 89
754 89
755 89
756 89
757 89
758 89
759 89
760 89
761 89
762 89
763 89
764 89
765 89
766 89
767 89
768 89
769 89
770 89
771 89
772 89
773 89
774 89
775 89
776 89
777 89
778 89
779 89
780 89
781 89
782 89
783 89
784 89
785 89
786 89
787 89
788 89
789 89
790 89
791 89
792 89
793 89
794 89
795 89
796 89
797 89
798 89
799 89
800 89
801 89
802 89
803 89
804 89
805 89
806 89
807 89
808 89
809 89
810 89
811 89
812 89
813 89
814 89
815 89
816 89
817 89
818 89
819 89
820 89
821 89
822 89
823 89
824 89
825 89
826 89
827 89
828 89
829 89
830 89
831 89
832 89
833 89
834 89
835 89
836 89
837 89
838 89
839 89
840 89
841 89
842 89
843 89
844 89
845 89
846 89
847 89
848 89
849 89
850 89
851 89
852 89
853 89
854 89
855 89
856 89
857 89
858 89
859 89
860 89
861 89
862 89
863 89
864 89
865 89
866 89
867 89
868 89
869 89
870 89
871 89
872 89
873 89
874 89
875 89
876 89
877 89
878 89
879 89
880 89
881 89
882 89
883 89
884 89
885 89
886 89
887 89
888 89
889 90
890 90
891 90
892 90
893 90
894 90
895 90
896 90
897 90
898 90
899 90
900 90
901 90
902 90
903 90
904 90
905 90
906 90
907 90
908 90
909 90
910 90
911 90
912 90
913 90
914 90
915 90
916 90
917 90
918 90
919 90
920 90
921 90
922 90
923 90
924 90
925 90
926 90
927 90
928 90
929 90
930 90
931 90
932 90
933 90
934 90
935 90
936 90
937 90
938 90
939 91
940 91
941 91
942 91
943 91
944 91
945 91
946 91
947 91
948 91
949 91
950 91
951 90
952 90
953 90
954 90
955 90
956 90
957 90
958 90
959 90
960 90
961 90
962 90
963 90
964 90
965 90
966 90
967 90
968 90
969 90
970 90
971 90
972 90
973 90
974 90
975 90
976 90
977 90
978 90
979 90
980 90
981 90
982 90
983 90
984 90
985 90
986 90
987 90
988 90
989 90
990 90
991 90
992 90
993 90
994 90
995 90
996 90
997 90
998 90
999 90
1000 90
1001 90
1002 90
1003 90
1004 90
1005 90
1006 90
1007 90
1008 90
1009 90
1010 90
1011 42
1012 2
1013 2
1014 2
1015 2
1016 2
1017 2
1018 2
1019 2
1020 2
1021 2
1022 2
1023 2
1024 2
1025 2
1026 2
1027 2
1028 2
1029 2
1030 3
1031 3
1032 3
1033 3
1034 3
1035 3
1036 3
1037 3
1038 3
1039 3
1040 3
1041 3
1042 3
1043 3
1044 3
1045 3
1046 3
1047 3
1048 3
1049 3
1050 3
1051 3
1052 3
1053 4
1054 4
1055 4
1056 4
1057 4
1058 4
1059 4
1060 4
1061 4
1062 4
1063 4
1064 4
1065 4
1066 4
1067 4
1068 4
1069 4
1070 15
1071 19
1072 19
1073 19
1074 19
1075 19
1076 19
1077 19
1078 19
1079 19
1080 19
1081 19
1082 19
1083 19
1084 19
1085 19
1086 19
1087 19
1088 19
1089 19
1090 19
1091 19
1092 19
1093 19
1094 19
1095 19
1096 19
1097 19
1098 19
1099 19
1100 19
1101 19
1102 19
1103 19
1104 19
1105 19
1106 19
1107 19
1108 19
1109 19
1110 19
1111 19
1112 19
1113 19
1114 19
1115 19
1116 19
1117 19
1118 19
1119 19
1120 19
1121 19
1122 19
1123 19
1124 19
1125 19
1126 19
1127 19
1128 19
1129 19
1130 19
1131 19
1132 19
1133 19
1134 19
1135 19
1136 19
1137 19
1138 19
1139 19
1140 19
1141 19
1142 19
1143 19
1144 19
1145 19
1146 19
1147 19
1148 19
1149 19
1150 19
1151 19
1152 19
1153 19
1154 19
1155 19
1156 19
1157 19
1158 19
1159 19
1160 19
1161 19
1162 19
1163 19
1164 19
1165 19
1166 19
1167 19
1168 19
1169 19
1170 19
1171 19
1172 19
1173 19
1174 19
1175 19
1176 19
1177 19
1178 19
1179 19
1180 19
1181 19
1182 19
1183 19
1184 19
1185 19
1186 19
1187 19
1188 19
1189 18
1190 18
1191 18
1192 18
1193 18
1194 18
1195 18
1196 18
1197 18
1198 18
1199 18
1200 18
1201 18
1202 18
1203 18
1204 18
1205 18
1206 18
1207 18
1208 18
1209 18
1210 18
1211 18
1212 18
1213 18
1214 18
1215 18
1216 18
1217 18
1218 19
1219 19
1220 19
1221 19
1222 19
1223 19
1224 19
1225 19
1226 19
1227 19
1228 19
1229 19
1230 19
1231 19
1232 19
1233 19
1234 19
1235 19
1236 19
1237 19
1238 19
1239 18
1240 18
1241 18
1242 18
1243 18
1244 18
1245 18
1246 18
1247 18
1248 18
1249 18
1250 18
1251 18
1252 18
1253 18
1254 19
1255 19
1256 19
1257 19
1258 19
1259 19
1260 19
1261 19
1262 19
1263 19
1264 19
1265 19
1266 19
1267 19
1268 19
1269 19
1270 20
1271 20
1272 20
1273 20
1274 20
1275 20
1276 20
1277 20
1278 20
1279 20
1280 20
1281 20
1282 20
1283 20
1284 21
1285 21
1286 21
1287 21
1288 21
1289 21
1290 21
1291 21
1292 21
1293 21
1294 21
1295 21
1296 21
1297 21
1298 21
1299 21
1300 21
1301 22
1302 22
1303 22
1304 22
1305 22
1306 22
1307 22
1308 22
1309 22
1310 22
1311 22
1312 22
1313 22
1314 22
1315 22
1316 23
1317 23
1318 23
1319 23
1320 23
1321 23
1322 23
1323 23
1324 24
1325 24
1326 24
1327 24
1328 24
1329 24
1330 23
1331 23
1332 23
1333 23
1334 23
1335 23
1336 23
1337 23
1338 23
1339 23
1340 23
1341 23
1342 23
1343 23
1344 23
1345 23
1346 23
1347 24
1348 24
1349 24
1350 24
1351 24
1352 24
1353 24
1354 24
1355 26
1356 26
1357 26
1358 26
1359 26
1360 26
1361 26
1362 26
1363 26
1364 26
1365 26
1366 26
1367 26
1368 26
1369 26
1370 15
1371 11
1372 11
1373 11
1374 11
1375 12
1376 12
1377 12
1378 12
1379 12
1380 13
1381 13
1382 13
1383 13
1384 13
1385 13
1386 13
1387 13
1388 13
1389 13
1390 13
1391 13
1392 13
1393 13
1394 13
1395 13
1396 13
1397 13
1398 13
1399 13
1400 13
1401 13
1402 13
1403 13
1404 13
1405 13
1406 13
1407 13
1408 13
1409 13
1410 13
1411 13
1412 13
1413 13
1414 13
1415 13
1416 13
1417 14
1418 14
1419 14
1420 14
1421 15
1422 15
1423 15
1424 15
1425 15
1426 15
1427 15
1428 15
1429 15
1430 15
1431 15
1432 15
1433 15
1434 15
1435 15
1436 15
1437 15
1438 15
1439 15
1440 15
1441 15
1442 15
1443 16
1444 16
1445 16
1446 16
1447 16
1448 16
1449 16
1450 16
1451 16
1452 16
1453 16
1454 16
1455 16
1456 16
1457 16
1458 16
1459 16
1460 16
1461 16
1462 16
1463 16
1464 16
1465 16
1466 16
1467 16
1468 16
1469 16
1470 16
1471 16
1472 16
1473 16
1474 16
1475 16
1476 16
1477 16
1478 16
1479 16
1480 16
1481 16
1482 16
1483 16
1484 16
1485 16
1486 16
1487 16
1488 17
1489 17
1490 17
1491 17
1492 17
1493 17
1494 17
1495 17
1496 17
1497 17
1498 17
1499 17
1500 17
1501 17
1502 17
1503 17
1504 17
1505 17
1506 17
1507 18
1508 18
1509 18
1510 18
1511 18
1512 18
1513 18
1514 18
1515 18
1516 18
1517 18
1518 17
1519 17
1520 17
1521 17
1522 22
1523 22
1524 22
1525 22
1526 22
1527 22
1528 22
1529 22
1530 22
1531 22
1532 23
1533 23
1534 23
1535 50
1536 63
1537 63
1538 64
1539 64
1540 64
1541 64
1542 64
1543 64
1544 65
1545 65
1546 65
1547 65
1548 65
1549 65
1550 65
1551 65
1552 65
1553 66
1554 65
1555 65
1556 65
1557 65
1558 65
1559 65
1560 65
1561 65
1562 65
1563 65
1564 65
1565 66
1566 66
1567 67
1568 67
1569 67
1570 66
1571 66
1572 67
1573 67
1574 67
1575 67
1576 67
1577 67
1578 67
1579 67
1580 67
1581 67
1582 67
1583 68
1584 67
1585 67
1586 67
1587 67
1588 67
1589 67
1590 67
1591 67
1592 67
1593 68
1594 68
1595 68
1596 68
1597 69
1598 69
1599 69
1600 69
1601 69
1602 70
1603 70
1604 70
1605 70
1606 71
1607 71
1608 71
1609 71
1610 71
1611 71
1612 71
1613 71
1614 71
1615 71
1616 80
1617 88
1618 91
1619 91
1620 91
1621 91
1622 91
1623 91
1624 90
1625 90
1626 90
1627 90
1628 90
1629 90
1630 90
1631 90
1632 90
1633 90
1634 91
1635 91
1636 91
1637 91
1638 91
1639 91
1640 91
1641 91
1642 91
1643 91
1644 91
1645 91
1646 91
1647 91
1648 91
1649 91
1650 91
1651 91
1652 91
1653 90
1654 90
1655 89
1656 89
1657 89
1658 89
1659 89
1660 89
1661 89
1662 89
1663 89
1664 89
1665 89
1666 89
1667 89
1668 89
1669 89
1670 89
1671 89
1672 89
1673 89
1674 90
1675 89
1676 89
1677 89
1678 89
1679 89
1680 89
1681 89
1682 89
1683 89
1684 91
1685 91
1686 91
1687 91
1688 91
1689 91
1690 91
1691 91
1692 91
1693 91
1694 92
1695 92
1696 93
1697 93
1698 93
1699 93
1700 93
1701 93
1702 93
1703 93
1704 93
1705 93
1706 93
1707 93
1708 93
1709 94
1710 94
1711 95
1712 95
1713 95
1714 96
1715 96
1716 96
1717 95
1718 95
1719 95
1720 95
1721 94
1722 94
1723 94
1724 94
1725 94
1726 94
1727 95
1728 95
1729 95
1730 95
1731 95
1732 95
1733 95
1734 95
1735 95
1736 95
1737 95
1738 95
1739 95
1740 95
1741 95
1742 95
1743 94
1744 94
1745 94
1746 94
1747 94
1748 94
1749 94
1750 95
1751 96
1752 96
1753 96
1754 97
1755 98
1756 98
1757 98
1758 98
1759 98
1760 98
1761 98
1762 98
1763 98
1764 98
1765 98
1766 98
1767 98
1768 98
1769 98
1770 98
1771 98
1772 98
1773 98
1774 98
1775 98
1776 98
1777 98
1778 98
1779 98
1780 98
1781 98
1782 98
1783 98
1784 98
1785 99
1786 99
1787 100
1788 99
1789 99
1790 99
1791 99
1792 99
1793 99
1794 99
1795 99
1796 99
1797 100
1798 101
1799 101
1800 101
1801 101
1802 101
1803 101
1804 101
1805 101
1806 102
1807 102
1808 102
1809 102
1810 102
1811 102
1812 102
1813 102
1814 102
1815 102
1816 102
1817 102
1818 103
1819 103
1820 103
1821 103
1822 98
1823 98
1824 98
1825 98
1826 98
1827 98
1828 98
1829 98
1830 98
1831 98
1832 97
1833 97
1834 97
1835 70
1836 57
1837 57
1838 56
1839 57
1840 57
1841 57
1842 57
1843 57
1844 56
1845 57
1846 57
1847 57
1848 57
1849 57
1850 57
1851 57
1852 57
1853 56
1854 57
1855 57
1856 57
1857 57
1858 57
1859 57
1860 57
1861 57
1862 57
1863 58
1864 58
1865 59
1866 60
1867 59
1868 59
1869 59
1870 59
1871 59
1872 58
1873 58
1874 59
1875 59
1876 59
1877 59
1878 60
1879 61
1880 61
1881 61
1882 62
1883 61
1884 79
1885 79
1886 79
1887 80
1888 80
1889 80
1890 80
1891 80
1892 80
1893 79
1894 79
1895 79
1896 79
1897 78
1898 79
1899 79
1900 79
1901 78
1902 77
1903 77
1904 77
1905 77
1906 76
1907 76
1908 76
1909 76
1910 76
1911 76
1912 76
1913 76
1914 76
1915 76
1916 69
1917 61
1918 58
1919 58
1920 58
1921 58
1922 58
1923 58
1924 58
1925 58
1926 58
1927 58
1928 58
1929 58
1930 59
1931 102
1932 115
1933 115
1934 114
1935 116
1936 116
1937 116
1938 116
1939 117
1940 117
1941 117
1942 117
1943 118
1944 119
1945 119
1946 119
1947 119
1948 119
1949 119
1950 119
1951 119
1952 119
1953 119
1954 119
1955 118
1956 118
1957 120
1958 120
1959 120
1960 120
1961 121
1962 121
1963 121
1964 121
1965 121
1966 121
1967 121
1968 121
1969 122
1970 122
1971 122
1972 122
1973 122
1974 121
1975 123
1976 123
1977 123
1978 123
1979 123
1980 122
1981 122
1982 122
1983 125
1984 123
1985 123
1986 123
1987 123
1988 124
1989 124
1990 124
1991 125
1992 125
1993 125
1994 124
1995 124
1996 123
1997 123
1998 123
1999 123
2000 123
2001 123
2002 123
2003 123
2004 124
2005 124
2006 124
2007 125
2008 125
2009 124
2010 124
2011 123
2012 123
2013 124
2014 123
2015 123
2016 124
2017 124
2018 124
2019 124
2020 124
2021 124
2022 124
2023 125
2024 125
2025 126
2026 128
2027 127
2028 127
2029 127
2030 127
2031 127
2032 127
2033 127
2034 127
2035 127
2036 127
2037 127
2038 127
2039 127
2040 127
2041 128
2042 128
2043 128
2044 129
2045 145
2046 145
2047 145
2048 145
2049 145
2050 145
2051 144
2052 144
2053 144
2054 143
2055 142
2056 142
2057 142
2058 142
2059 143
2060 143
2061 143
2062 143
2063 143
2064 143
2065 143
2066 144
2067 145
2068 145
2069 165
2070 190
2071 190
2072 191
2073 193
2074 193
2075 193
2076 194
2077 194
2078 194
2079 194
2080 194
2081 195
2082 195
2083 195
2084 195
2085 194
2086 194
2087 194
2088 194
2089 194
2090 194
2091 194
2092 194
2093 194
2094 194
2095 195
2096 195
2097 194
2098 193
2099 193
2100 193
2101 193
2102 193
2103 193
2104 193
2105 193
2106 192
2107 191
2108 192
2109 192
2110 192
2111 192
2112 192
2113 192
2114 192
2115 194
2116 194
2117 194
2118 194
2119 194
2120 194
2121 196
2122 198
2123 199
2124 199
2125 199
2126 199
2127 199
2128 199
2129 200
2130 201
2131 201
2132 201
2133 201
2134 201
2135 201
2136 201
2137 201
2138 201
2139 200
2140 201
2141 202
2142 202
2143 205
2144 205
2145 204
2146 205
2147 205
2148 206
2149 206
2150 206
2151 206
2152 206
2153 206
2154 205
2155 205
2156 207
2157 207
2158 208
2159 208
2160 208
2161 208
2162 209
2163 208
2164 208
2165 207
2166 207
2167 207
2168 207
2169 208
2170 209
2171 209
2172 209
2173 209
2174 208
2175 210
2176 210
2177 211
2178 210
2179 211
2180 212
2181 213
2182 212
2183 212
2184 194
2185 196
2186 196
2187 195
2188 195
2189 195
2190 195
2191 195
2192 195
2193 195
2194 196
2195 196
2196 196
2197 196
2198 195
2199 195
2200 195
2201 195
2202 196
2203 197
2204 197
2205 197
2206 197
2207 197
2208 197
2209 197
2210 197
2211 197
2212 197
2213 197
2214 197
2215 198
2216 195
2217 195
2218 195
2219 195
2220 195
2221 195
2222 195
2223 195
2224 195
2225 195
2226 195
2227 195
2228 195
2229 195
2230 194
2231 151
2232 138
2233 138
2234 138
2235 136
2236 136
2237 136
2238 136
2239 135
2240 135
2241 135
2242 135
2243 135
2244 134
2245 134
2246 134
2247 133
2248 133
2249 133
2250 133
2251 133
2252 134
2253 134
2254 134
2255 135
2256 135
2257 133
2258 134
2259 134
2260 135
2261 134
2262 134
2263 135
2264 135
2265 135
2266 135
2267 136
2268 136
2269 135
2270 135
2271 135
2272 136
2273 136
2274 136
2275 134
2276 135
2277 135
2278 135
2279 136
2280 136
2281 136
2282 136
2283 133
2284 133
2285 133
2286 133
2287 133
2288 132
2289 133
2290 133
2291 132
2292 132
2293 133
2294 133
2295 133
2296 133
2297 135
2298 135
2299 135
2300 135
2301 135
2302 135
2303 136
2304 135
2305 135
2306 135
2307 134
2308 134
2309 134
2310 134
2311 134
2312 134
2313 133
2314 133
2315 133
2316 132
2317 133
2318 133
2319 135
2320 135
2321 136
2322 136
2323 135
2324 135
2325 135
2326 133
2327 134
2328 134
2329 135
2330 136
2331 137
2332 137
2333 137
2334 137
2335 137
2336 140
2337 140
2338 140
2339 141
2340 141
2341 140
2342 140
2343 140
2344 139
2345 123
2346 123
2347 124
2348 124
2349 124
2350 123
2351 123
2352 123
2353 123
2354 123
2355 125
2356 125
2357 126
2358 126
2359 125
2360 126
2361 126
2362 126
2363 126
2364 126
2365 126
2366 127
2367 126
2368 126
2369 106
2370 81
2371 81
2372 80
2373 78
2374 78
2375 78
2376 77
2377 77
2378 77
2379 77
2380 78
2381 77
2382 77
2383 78
2384 78
2385 79
2386 79
2387 79
2388 79
2389 79
2390 80
2391 81
2392 81
2393 81
2394 81
2395 80
2396 80
2397 80
2398 81
2399 81
2400 81
2401 81
2402 81
2403 81
2404 81
2405 81
2406 82
2407 83
2408 82
2409 82
2410 82
2411 82
2412 83
2413 83
2414 84
2415 82
2416 82
2417 82
2418 84
2419 122
2420 129
2421 127
2422 125
2423 124
2424 124
2425 124
2426 124
2427 125
2428 125
2429 124
2430 123
2431 124
2432 125
2433 125
2434 125
2435 148
2436 156
2437 157
2438 158
2439 159
2440 158
2441 157
2442 158
2443 155
2444 155
2445 155
2446 154
2447 154
2448 153
2449 153
2450 153
2451 153
2452 153
2453 154
2454 156
2455 156
2456 154
2457 155
2458 154
2459 154
2460 155
2461 155
2462 154
2463 155
2464 155
2465 156
2466 155
2467 156
2468 156
2469 157
2470 156
2471 158
2472 158
2473 158
2474 158
2475 156
2476 156
2477 155
2478 155
2479 153
2480 152
2481 151
2482 152
2483 152
2484 152
2485 150
2486 151
2487 152
2488 152
2489 152
2490 152
2491 153
2492 154
2493 154
2494 153
2495 153
2496 153
2497 154
2498 154
2499 175
2500 175
2501 176
2502 175
2503 175
2504 175
2505 175
2506 175
2507 176
2508 177
2509 177
2510 177
2511 177
2512 179
2513 179
2514 180
2515 179
2516 179
2517 179
2518 181
2519 181
2520 183
2521 183
2522 184
2523 184
2524 184
2525 184
2526 184
2527 184
2528 184
2529 184
2530 184
2531 184
2532 184
2533 184
2534 184
2535 184
2536 185
2537 185
2538 185
2539 185
2540 185
2541 186
2542 186
2543 185
2544 186
2545 188
2546 188
2547 188
2548 188
2549 188
2550 188
2551 188
2552 187
2553 187
2554 187
2555 188
2556 188
2557 190
2558 190
2559 190
2560 189
2561 189
2562 189
2563 189
2564 190
2565 191
2566 191
2567 191
2568 192
2569 192
2570 195
2571 197
2572 199
2573 200
2574 200
2575 200
2576 199
2577 199
2578 200
2579 199
2580 201
2581 202
2582 202
2583 202
2584 202
2585 203
2586 205
2587 205
2588 205
2589 204
2590 205
2591 207
2592 207
2593 206
2594 206
2595 207
2596 208
2597 206
2598 209
2599 213
2600 215
2601 217
2602 217
2603 216
2604 216
2605 217
2606 217
2607 218
2608 218
2609 218
2610 218
2611 218
2612 221
2613 222
2614 222
2615 222
2616 223
2617 222
2618 222
2619 222
2620 222
2621 222
2622 223
2623 223
2624 224
2625 225
2626 225
2627 224
2628 225
2629 224
2630 223
2631 222
2632 222
2633 223
2634 223
2635 223
2636 222
2637 223
2638 224
2639 224
2640 226
2641 228
2642 230
2643 230
2644 230
2645 230
2646 231
2647 231
2648 231
2649 233
2650 233
2651 233
2652 235
2653 236
2654 238
2655 238
2656 238
2657 238
2658 240
2659 240
2660 240
2661 240
2662 240
2663 240
2664 241
2665 243
2666 241
2667 241
2668 241
2669 242
2670 243
2671 244
2672 246
2673 247
2674 248
2675 248
2676 248
2677 250
2678 250
2679 250
2680 249
2681 251
2682 251
2683 251
2684 251
2685 250
2686 251
2687 250
2688 251
2689 254
2690 254
2691 253
2692 254
2693 256
2694 256
2695 257
2696 258
2697 260
2698 259
2699 259
2700 260
2701 261
2702 262
2703 263
2704 263
2705 263
2706 262
2707 261
2708 262
2709 278
2710 278
2711 280
2712 279
2713 279
2714 279
2715 279
2716 279
2717 282
2718 284
2719 246
2720 241
2721 242
2722 242
2723 242
2724 243
2725 245
2726 245
2727 244
2728 246
2729 248
2730 248
2731 250
2732 250
2733 250
2734 250
2735 229
2736 221
2737 220
2738 219
2739 218
2740 220
2741 222
2742 222
2743 222
2744 222
2745 224
2746 224
2747 236
2748 239
2749 240
2750 240
2751 242
2752 243
2753 243
2754 242
2755 243
2756 244
2757 243
2758 243
2759 243
2760 243
2761 243
2762 244
2763 243
2764 244
2765 242
2766 242
2767 243
2768 244
2769 243
2770 243
2771 241
2772 241
2773 242
2774 245
2775 246
2776 248
2777 249
2778 251
2779 251
2780 251
2781 253
2782 252
2783 252
2784 252
2785 252
2786 252
2787 267
2788 269
2789 271
2790 271
2791 272
2792 272
2793 273
2794 276
2795 276
2796 277
2797 276
2798 277
2799 256
2800 256
2801 256
2802 258
2803 258
2804 259
2805 260
2806 261
2807 261
2808 263
2809 263
2810 265
2811 265
2812 267
2813 267
2814 266
2815 266
2816 267
2817 268
2818 268
2819 269
2820 267
2821 268
2822 268
2823 271
2824 272
2825 274
2826 274
2827 274
2828 275
2829 275
2830 275
2831 275
2832 275
2833 275
2834 275
2835 275
2836 274
2837 275
2838 276
2839 277
2840 278
2841 280
2842 282
2843 288
2844 289
2845 292
2846 293
2847 295
2848 296
2849 298
2850 299
2851 304
2852 304
2853 306
2854 308
2855 306
2856 306
2857 306
2858 307
2859 307
2860 307
2861 308
2862 308
2863 312
2864 314
2865 317
2866 322
2867 323
2868 323
2869 323
2870 320
2871 318
2872 317
2873 319
2874 320
2875 323
2876 326
2877 330
2878 329
2879 331
2880 331
2881 331
2882 332
2883 332
2884 332
2885 334
2886 335
2887 337
2888 338
2889 340
2890 339
2891 338
2892 339
2893 343
2894 344
2895 349
2896 350
2897 350
2898 347
2899 345
2900 346
2901 345
2902 345
2903 346
2904 350
2905 349
2906 351
2907 352
2908 353
2909 353
2910 356
2911 357
2912 355
2913 356
2914 356
2915 357
2916 356
2917 356
2918 357
2919 356
2920 358
2921 357
2922 357
2923 360
2924 359
2925 359
2926 359
2927 360
2928 365
2929 382
2930 386
2931 387
2932 388
2933 387
2934 389
2935 390
2936 390
2937 390
2938 390
2939 389
2940 389
2941 389
2942 390
2943 391
2944 395
2945 398
2946 399
2947 398
2948 404
2949 403
2950 406
2951 410
2952 409
2953 409
2954 407
2955 405
2956 405
2957 404
2958 404
2959 406
2960 405
2961 407
2962 408
2963 425
2964 425
2965 423
2966 424
2967 425
2968 425
2969 424
2970 423
2971 423
2972 424
2973 425
2974 427
2975 428
2976 430
2977 430
2978 430
2979 431
2980 432
2981 430
2982 432
2983 440
2984 441
2985 441
2986 443
2987 444
2988 444
2989 442
2990 443
2991 443
2992 442
2993 461
2994 465
2995 464
2996 463
2997 463
2998 463
2999 464
3000 463
3001 462
3002 464
3003 464
3004 465
3005 466
3006 467
3007 467
3008 467
3009 451
3010 453
3011 453
3012 454
3013 475
3014 474
3015 474
3016 475
3017 472
3018 470
3019 471
3020 471
3021 471
3022 472
3023 472
3024 471
3025 470
3026 499
3027 546
3028 548
3029 547
3030 548
3031 546
3032 547
3033 549
3034 550
3035 549
3036 550
3037 553
3038 553
3039 555
3040 555
3041 554
3042 554
3043 557
3044 557
3045 557
3046 560
3047 550
3048 551
3049 551
3050 552
3051 554
3052 556
3053 555
3054 555
3055 557
3056 558
3057 577
3058 577
3059 579
3060 580
3061 584
3062 585
3063 586
3064 586
3065 590
3066 594
3067 592
3068 593
3069 625
3070 631
3071 632
3072 633
3073 637
3074 634
3075 636
3076 637
3077 636
3078 635
3079 636
3080 637
3081 637
3082 638
3083 638
3084 641
3085 641
3086 643
3087 630
3088 630
3089 628
3090 629
3091 629
3092 630
3093 629
3094 655
3095 657
3096 660
3097 663
3098 663
3099 663
3100 664
3101 664
3102 663
3103 664
3104 663
3105 663
3106 666
3107 665
3108 662
3109 664
3110 664
3111 666
3112 664
3113 665
3114 667
3115 668
3116 671
3117 671
3118 670
3119 670
3120 674
3121 739
3122 738
3123 738
3124 738
3125 739
3126 741
3127 743
3128 743
3129 743
3130 744
3131 746
3132 746
3133 746
3134 750
3135 751
3136 753
3137 757
3138 773
3139 772
3140 773
3141 771
3142 769
3143 816
3144 837
3145 833
3146 833
3147 850
3148 898
3149 897
3150 897
3151 893
3152 895
3153 894
3154 893
3155 894
3156 895
3157 894
3158 896
3159 915
3160 915
3161 916
3162 918
3163 914
3164 912
3165 910
3166 907
3167 907
3168 907
3169 909
3170 917
3171 917
3172 917
3173 918
3174 918
3175 947
3176 951
3177 948
3178 950
3179 948
3180 949
3181 990
3182 990
3183 994
3184 995
3185 995
3186 996
3187 994
3188 994
3189 994
3190 999
3191 999
3192 1000
3193 996
3194 998
3195 994
3196 993
3197 995
3198 997
3199 997
3200 994
3201 994
3202 997
3203 999
3204 997
3205 999
3206 998
3207 1000
3208 999
3209 1002
3210 1000
3211 1000
3212 1001
3213 999
3214 1000
3215 1002
3216 1004
3217 1005
3218 1006
3219 1005
3220 1003
3221 1004
3222 1003
3223 1000
3224 1001
3225 1000
3226 1001
3227 1001
3228 996
3229 982
3230 979
3231 978
3232 979
3233 982
3234 982
3235 982
3236 981
3237 982
3238 981
3239 982
3240 981
3241 981
3242 980
3243 1039
3244 1067
3245 1067
3246 1066
3247 1066
3248 1106
3249 1105
3250 1105
3251 1103
3252 1103
3253 1102
3254 1103
3255 1103
3256 1105
3257 1105
3258 1105
3259 1105
3260 1107
3261 1106
3262 1105
3263 1090
3264 1089
3265 1089
3266 1088
3267 1089
3268 1090
3269 1094
3270 1096
3271 1096
3272 1105
3273 1106
3274 1106
3275 1105
3276 1104
3277 1105
3278 1108
3279 1108
3280 1110
3281 1112
3282 1111
3283 1102
3284 1102
3285 1103
3286 1101
3287 1101
3288 1100
3289 1100
3290 1101
3291 1103
3292 1105
3293 1084
3294 1081
3295 1088
3296 1088
3297 1086
3298 1087
3299 1090
3300 1091
3301 1096
3302 1094
3303 1095
3304 1095
3305 1095
3306 1095
3307 1099
3308 1101
3309 1105
3310 1103
3311 1102
3312 1103
3313 1083
3314 1085
3315 1088
3316 1090
3317 1091
3318 1090
3319 1091
3320 1090
3321 1089
3322 1088
3323 1089
3324 1089
3325 1090
3326 1063
3327 1016
3328 1016
3329 1018
3330 1018
3331 1017
3332 1017
3333 1018
3334 1018
3335 1018
3336 1017
3337 1014
3338 1014
3339 1016
3340 1015
3341 1018
3342 1020
3343 1022
3344 1026
3345 1025
3346 1025
3347 1023
3348 1020
3349 1020
3350 1022
3351 1020
3352 1019
3353 1021
3354 1021
3355 1019
3356 1017
3357 1000
3358 1003
3359 1003
3360 1001
3361 998
3362 997
3363 998
3364 999
3365 996
3366 992
3367 992
3368 992
3369 960
3370 959
3371 959
3372 961
3373 957
3374 958
3375 958
3376 956
3377 958
3378 961
3379 961
3380 996
3381 997
3382 1000
3383 1000
3384 1006
3385 1007
3386 1006
3387 1007
3388 1006
3389 1007
3390 1011
3391 1010
3392 1020
3393 1054
3394 1028
3395 1102
3396 1099
3397 1097
3398 1097
3399 1102
3400 1101
3401 1101
3402 1101
3403 1101
3404 1102
3405 1104
3406 1105
3407 1106
3408 1107
3409 1108
3410 1107
3411 1108
3412 1134
3413 1136
3414 1137
3415 1140
3416 1137
3417 1138
3418 1139
3419 1140
3420 1138
3421 1076
3422 1078
3423 1076
3424 1077
3425 1076
3426 1074
3427 1073
3428 1072
3429 1072
3430 1072
3431 1070
3432 1074
3433 1076
3434 1077
3435 1080
3436 1080
3437 1075
3438 1059
3439 1060
3440 1060
3441 1062
3442 1065
3443 1012
3444 991
3445 991
3446 992
3447 981
3448 934
3449 934
3450 933
3451 932
3452 933
3453 932
3454 933
3455 935
3456 935
3457 935
3458 935
3459 916
3460 917
3461 917
3462 917
3463 918
3464 917
3465 916
3466 918
3467 917
3468 916
3469 918
3470 910
3471 910
3472 913
3473 915
3474 914
3475 884
3476 882
3477 884
3478 884
3479 885
3480 884
3481 845
3482 846
3483 842
3484 844
3485 843
3486 876
3487 889
3488 894
3489 896
3490 896
3491 899
3492 932
3493 934
3494 933
3495 933
3496 932
3497 931
3498 930
3499 932
3500 1067
3501 1072
3502 1080
3503 1082
3504 1086
3505 1091
3506 1094
3507 1094
3508 1101
3509 1104
3510 1107
3511 1107
3512 1113
3513 1122
3514 1126
3515 1126
3516 1134
3517 1137
3518 1155
3519 1157
3520 1166
3521 1171
3522 1194
3523 1200
3524 1202
3525 1202
3526 1206
3527 1208
3528 1208
3529 1209
3530 1211
3531 1214
3532 1220
3533 1227
3534 1233
3535 1238
3536 1243
3537 1242
3538 1245
3539 1272
3540 1285
3541 1287
3542 1359
3543 1331
3544 1377
3545 1378
3546 1385
3547 1391
3548 1350
3549 1355
3550 1361
3551 1402
3552 1406
3553 1417
3554 1422
3555 1440
3556 1439
3557 1440
3558 1440
3559 1445
3560 1449
3561 1456
3562 1459
3563 1459
3564 1466
3565 1471
3566 1475
3567 1529
3568 1529
3569 1527
3570 1529
3571 1531
3572 1524
3573 1523
3574 1550
3575 1554
3576 1554
3577 1553
3578 1555
3579 1558
3580 1562
3581 1562
3582 1565
3583 1566
3584 1572
3585 1583
3586 1583
3587 1595
3588 1607
3589 1615
3590 1622
3591 1628
3592 1670
3593 1679
3594 1683
3595 1678
3596 1682
3597 1690
3598 1693
3599 1698
3600 1702
3601 1699
3602 1748
3603 1752
3604 1756
3605 1758
3606 1764
3607 1765
3608 1767
3609 1769
3610 1775
3611 1774
3612 1778
3613 1783
3614 1785
3615 1791
3616 1795
3617 1801
3618 1805
3619 1807
3620 1812
3621 1818
3622 1821
3623 1827
3624 1835
3625 1835
3626 1834
3627 1835
3628 1835
3629 1838
3630 1837
3631 1846
3632 1850
3633 1853
3634 1856
3635 1861
3636 1861
3637 1887
3638 1893
3639 1893
3640 1959
3641 1991
3642 1989
3643 2020
3644 2022
3645 2028
3646 2097
3647 2099
3648 2100
3649 2106
3650 2108
3651 2109
3652 2117
3653 2126
3654 2129
3655 2131
3656 2138
3657 2143
3658 2143
3659 2152
3660 2156
3661 2158
3662 2163
3663 2166
3664 2165
3665 2173
3666 2179
3667 2179
3668 2190
3669 2194
3670 2197
3671 2201
3672 2201
3673 2207
3674 2207
3675 2211
3676 2214
3677 2216
3678 2219
3679 2225
3680 2210
3681 2215
3682 2213
3683 2216
3684 2214
3685 2215
3686 2240
3687 2241
3688 2246
3689 2247
3690 2245
3691 2247
3692 2240
3693 2213
3694 2216
3695 2144
3696 2147
3697 2152
3698 2203
3699 2205
3700 2213
3701 2245
3702 2248
3703 2255
3704 2259
3705 2263
3706 2265
3707 2265
3708 2273
3709 2271
3710 2275
3711 2275
3712 2253
3713 2264
3714 2269
3715 2270
3716 2274
3717 2273
3718 2274
3719 2279
3720 2286
3721 2288
3722 2287
3723 2500
3724 2502
3725 2505
3726 2552
3727 2557
3728 2557
3729 2561
3730 2569
3731 2576
3732 2575
3733 2576
3734 2574
3735 2574
3736 2581
3737 2585
3738 2592
3739 2622
3740 2662
3741 2664
3742 2669
3743 2673
3744 2677
3745 2685
3746 2684
3747 2686
3748 2689
3749 2717
3750 2722
3751 2730
3752 2727
3753 2767
3754 2779
3755 2781
3756 2784
3757 2790
3758 2792
3759 2798
3760 2803
3761 2806
3762 2812
3763 2814
3764 2817
3765 2874
3766 2871
3767 2876
3768 2885
3769 2883
3770 2890
3771 2917
3772 2916
3773 2914
3774 2916
3775 2916
3776 2945
3777 2953
3778 2960
3779 2963
3780 2965
3781 2986
3782 2993
3783 2996
3784 3000
3785 3002
3786 2970
3787 2963
3788 2961
3789 2964
3790 2965
3791 2965
3792 2934
3793 2934
3794 2938
3795 2940
3796 2944
3797 2949
3798 2957
3799 2961
3800 2828
3801 2827
3802 2822
3803 2822
3804 2818
3805 2816
3806 2819
3807 2819
3808 2817
3809 2830
3810 2827
3811 2843
3812 2843
3813 2861
3814 2858
3815 2855
3816 2851
3817 2855
3818 2846
3819 2848
3820 2896
3821 2899
3822 2883
3823 2929
3824 2928
3825 2932
3826 2930
3827 2939
3828 2938
3829 2941
3830 2946
3831 2951
3832 2946
3833 2941
3834 2965
3835 2964
3836 2969
3837 2973
3838 2980
3839 2956
3840 2956
3841 2955
3842 2883
3843 2855
3844 2785
3845 2784
3846 2788
3847 2821
3848 2820
3849 2815
3850 2812
3851 2769
3852 2768
3853 2870
3854 2868
3855 2860
3856 2861
3857 2861
3858 2868
3859 2871
3860 2911
3861 2907
3862 2910
3863 2919
3864 2937
3865 2937
3866 2933
3867 2883
3868 2883
3869 2888
3870 3005
3871 3007
3872 3006
3873 3017
3874 2995
3875 2998
3876 3007
3877 3013
3878 3010
3879 3015
3880 3018
3881 3021
3882 3031
3883 3039
3884 3041
3885 3033
3886 3044
3887 3037
3888 3030
3889 3046
3890 3041
3891 3038
3892 3001
3893 3000
3894 2998
3895 2998
3896 3002
3897 3004
3898 3006
3899 3004
3900 3022
3901 3028
3902 2988
3903 2985
3904 2989
3905 2994
3906 2995
3907 2998
3908 3001
3909 3000
3910 3000
3911 3011
3912 3009
3913 3071
3914 3080
3915 3148
3916 3150
3917 3151
3918 3147
3919 3149
3920 3151
3921 3159
3922 3170
3923 3179
3924 3188
3925 3190
3926 3194
3927 3196
3928 3202
3929 3204
3930 3207
3931 3214
3932 3220
3933 3217
3934 3213
3935 3212
3936 3222
3937 3206
3938 3290
3939 3295
3940 3233
3941 3203
3942 3210
3943 3219
3944 3243
3945 3249
3946 3183
3947 3191
3948 3199
3949 3197
3950 3208
3951 3210
3952 3202
3953 3196
3954 3194
3955 3228
3956 3234
3957 3238
3958 3368
3959 3372
3960 3376
3961 3378
3962 3377
3963 3380
3964 3393
3965 3390
3966 3390
3967 3401
3968 3397
3969 3397
3970 3397
3971 3394
3972 3393
3973 3427
3974 3430
3975 3427
3976 3428
3977 3429
3978 3425
3979 3471
3980 3453
3981 3454
3982 3456
3983 3458
3984 3480
3985 3484
3986 3464
3987 3484
3988 3490
3989 3492
3990 3491
3991 3493
3992 3499
3993 3504
3994 3504
3995 3506
3996 3503
3997 3499
3998 3450
3999 3448
4000 3448
4001 3426
4002 3427
4003 3426
4004 3424
4005 3427
4006 3426
4007 3448
4008 3450
4009 3453
4010 3449
4011 3453
4012 3450
4013 3446
4014 3444
4015 3505
4016 3507
4017 3510
4018 3509
4019 3507
4020 3503
4021 3502
4022 3505
4023 3296
4024 3298
4025 3297
4026 3257
4027 3263
4028 3268
4029 3272
4030 3270
4031 3266
4032 3265
4033 3267
4034 3271
4035 3277
4036 3282
4037 3287
4038 3280
4039 3255
4040 3224
4041 3221
4042 3218
4043 3250
4044 3246
4045 3242
4046 3249
4047 3245
4048 3249
4049 3225
4050 3233
4051 3230
4052 3232
4053 3205
4054 3193
4055 3195
4056 3198
4057 3196
4058 3195
4059 3195
4060 3194
4061 3199
4062 3202
4063 3202
4064 3204
4065 3155
4066 3156
4067 3157
4068 3151
4069 3155
4070 3165
4071 3139
4072 3138
4073 3137
4074 3144
4075 3146
4076 3127
4077 3123
4078 3119
4079 3137
4080 3140
4081 3124
4082 3125
4083 3135
4084 3187
4085 3193
4086 3196
4087 3193
4088 3217
4089 3222
4090 3268
4091 3278
4092 3285
4093 3296
4094 3395
4095 3419
4096 3423
4097 3430
4098 3432
4099 3428
4100 3437
4101 3441
4102 3439
4103 3451
4104 3462
4105 3481
4106 3484
4107 3488
4108 3489
4109 3482
4110 3535
4111 3535
4112 3532
4113 3521
4114 3536
4115 3556
4116 3563
4117 3561
4118 3558
4119 3564
4120 3564
4121 3567
4122 3567
4123 3584
4124 3617
4125 3622
4126 3628
4127 3620
4128 3637
4129 3634
4130 3639
4131 3641
4132 3670
4133 3667
4134 3640
4135 3719
4136 3715
4137 3719
4138 3773
4139 3775
4140 3780
4141 3853
4142 3866
4143 3868
4144 3937
4145 3939
4146 3938
4147 3953
4148 3991
4149 3998
4150 4003
4151 4052
4152 4127
4153 4022
4154 4039
4155 4045
4156 4051
4157 4054
4158 4067
4159 4071
4160 4035
4161 4061
4162 4070
4163 4073
4164 4056
4165 4091
4166 4107
4167 4114
4168 4129
4169 4133
4170 4022
4171 4023
4172 4033
4173 4105
4174 4114
4175 4116
4176 4123
4177 4129
4178 4135
4179 4138
4180 4145
4181 4190
4182 4190
4183 4198
4184 4194
4185 4206
4186 4200
4187 4208
4188 4218
4189 4221
4190 4233
4191 4244
4192 4242
4193 4261
4194 4275
4195 4285
4196 4284
4197 4309
4198 4323
4199 4361
4200 4350
4201 4355
4202 4356
4203 4368
4204 4367
4205 4376
4206 4386
4207 4383
4208 4388
4209 4466
4210 4485
4211 4491
4212 4497
4213 4436
4214 4435
4215 4373
4216 4372
4217 4377
4218 4390
4219 4400
4220 4402
4221 4408
4222 4410
4223 4404
4224 4406
4225 4415
4226 4416
4227 4456
4228 4457
4229 4478
4230 4500
4231 4495
4232 4491
4233 4495
4234 4520
4235 4523
4236 4517
4237 4567
4238 4490
4239 4487
4240 4609
4241 4737
4242 4837
4243 4804
4244 4867
4245 4872
4246 4927
4247 4929
4248 4927
4249 4937
4250 4940
4251 4945
4252 4960
4253 4971
4254 4980
4255 4958
4256 4951
4257 4964
4258 4953
4259 4952
4260 4944
4261 4954
4262 5037
4263 5040
4264 5100
4265 5109
4266 5142
4267 5143
4268 5220
4269 5238
4270 5247
4271 5272
4272 5289
4273 5268
4274 5288
4275 5304
4276 5308
4277 5312
4278 5323
4279 5283
4280 5413
4281 5415
4282 5427
4283 5425
4284 5418
4285 5422
4286 5431
4287 5431
4288 5494
4289 5493
4290 5493
4291 5493
4292 5489
4293 5499
4294 5516
4295 5543
4296 5558
4297 5562
4298 5570
4299 5574
4300 5585
4301 5712
4302 5712
4303 5806
4304 5820
4305 5820
4306 5831
4307 5821
4308 5829
4309 5844
4310 5866
4311 5877
4312 5882
4313 5896
4314 5896
4315 5888
4316 5894
4317 5996
4318 6063
4319 6067
4320 6086
4321 6093
4322 6098
4323 6109
4324 6162
4325 6179
4326 6188
4327 6195
4328 6227
4329 6285
4330 6292
4331 6368
4332 6381
4333 6393
4334 6434
4335 6465
4336 6470
4337 6501
4338 6537
4339 6537
4340 6541
4341 6551
4342 6585
4343 6559
4344 6568
4345 6575
4346 6575
4347 6603
4348 6618
4349 6629
4350 6631
4351 6645
4352 6659
4353 6710
4354 6715
4355 6728
4356 6764
4357 6775
4358 6788
4359 6804
4360 6806
4361 6811
4362 6816
4363 6836
4364 6846
4365 6850
4366 6861
4367 6870
4368 6883
4369 6887
4370 6936
4371 6970
4372 6979
4373 6994
4374 6998
4375 7014
4376 7011
4377 7016
4378 7021
4379 7023
4380 7035
4381 7034
4382 7106
4383 7135
4384 7092
4385 7102
4386 7116
4387 7125
4388 7105
4389 7134
4390 7133
4391 7175
4392 7261
4393 7255
4394 7244
4395 7271
4396 7269
4397 7268
4398 7272
4399 7276
4400 7275
4401 7278
4402 7285
4403 7282
4404 7302
4405 7290
4406 7288
4407 7288
4408 7289
4409 7280
4410 7256
4411 7360
4412 7389
4413 7391
4414 7397
4415 7386
4416 7397
4417 7407
4418 7406
4419 7414
4420 7368
4421 7370
4422 7417
4423 7356
4424 7333
4425 7345
4426 7383
4427 7382
4428 7377
4429 7383
4430 7378
4431 7380
4432 7363
4433 7370
4434 7374
4435 7418
4436 7422
4437 7430
4438 7382
4439 7395
4440 7398
4441 7392
4442 7382
4443 7429
4444 7367
4445 7377
4446 7386
4447 7345
4448 7314
4449 7359
4450 7358
4451 7314
4452 7245
4453 7250
4454 7247
4455 7246
4456 7250
4457 7260
4458 7255
4459 7275
4460 7282
4461 7265
4462 7262
4463 7270
4464 7279
4465 7256
4466 7255
4467 7256
4468 7272
4469 7279
4470 7288
4471 7293
4472 7292
4473 7212
4474 7231
4475 7238
4476 7242
4477 7237
4478 7263
4479 7290
4480 7285
4481 7246
4482 7251
4483 7260
4484 7322
4485 7334
4486 7334
4487 7330
4488 7322
4489 7308
4490 7297
4491 7299
4492 7307
4493 7320
4494 7312
4495 7348
4496 7392
4497 7374
4498 7395
4499 7370
4500 7362
4501 7360
4502 7365
4503 7369
4504 7377
4505 7379
4506 7394
4507 7398
4508 7430
4509 7362
